9.999999999999999547e-07 5.221546487597543695e+00
1.018610170155975315e-06 5.315239920923203520e+00
1.037566678745184924e-06 5.410614553385784120e+00
1.056875971184804981e-06 5.507700551779678655e+00
1.076544612842315852e-06 5.606528624200670663e+00
1.096579291267809966e-06 5.707130029758896939e+00
1.116986818467822540e-06 5.809536588466010620e+00
1.137774133221490236e-06 5.913780691299778347e+00
1.158948303439811717e-06 6.019895310449296488e+00
1.180516528568805485e-06 6.127914009743982149e+00
1.202486142037412225e-06 6.237870955269806394e+00
1.224864613750930682e-06 6.349800926175903193e+00
1.247659552630868398e-06 6.463739325675168068e+00
1.270878709202059429e-06 6.579722192242214440e+00
1.294529978227915984e-06 6.697786211012224378e+00
1.318621401394748467e-06 6.817968725384458750e+00
1.343161170046015357e-06 6.940307748833841828e+00
1.368157627967470456e-06 7.064841976934548740e+00
1.393619274224143468e-06 7.191610799599356341e+00
1.419554766050101529e-06 7.320654313538532243e+00
1.445972921792019565e-06 7.452013334942419576e+00
1.472882723907501804e-06 7.585729412391456705e+00
1.500293322019216825e-06 7.721844839997923593e+00
1.528214036025870848e-06 7.860402670783488865e+00
1.556654359271061967e-06 8.001446730296734700e+00
1.585623961771137209e-06 8.145021630475167029e+00
1.615132693503089620e-06 8.291172783755827780e+00
1.645190587753660682e-06 8.439946417439163184e+00
1.675807864530768688e-06 8.591389588310631709e+00
1.706994934038407828e-06 8.745550197524607938e+00
1.738762400216250434e-06 8.902477005755510930e+00
1.771121064345086770e-06 9.062219648620644108e+00
1.804081928719380951e-06 9.224828652379827076e+00
1.837656200388172474e-06 9.390355449916803821e+00
1.871855294965579294e-06 9.558852397007246537e+00
1.906690840512251975e-06 9.730372788878902668e+00
1.942174681489024486e-06 9.904970877068690172e+00
1.978318882784162208e-06 1.008270188658235256e+01
2.015135733815558378e-06 1.026362203336203827e+01
2.052637752709252226e-06 1.044778854206720453e+01
2.090837690555749843e-06 1.063525966417477342e+01
2.129748535745518698e-06 1.082609469640387267e+01
2.169383518385181950e-06 1.102035399947128447e+01
2.209756114795903333e-06 1.121809901718342317e+01
2.250880052095461857e-06 1.141939229587080540e+01
2.292769312865648563e-06 1.162429750417145691e+01
2.335438139906476958e-06 1.183287945316906864e+01
2.378901041078895684e-06 1.204520411689264137e+01
2.423172794237600507e-06 1.226133865318387173e+01
2.468268452255692627e-06 1.248135142493915772e+01
2.514203348142796490e-06 1.270531202173252616e+01
2.560993100258456944e-06 1.293329128182671184e+01
2.608653617622550470e-06 1.316536131457917946e+01
2.657201105324506616e-06 1.340159552325004633e+01
2.706652070033241224e-06 1.364206862821953870e+01
2.757023325609582764e-06 1.388685669062177119e+01
2.808331998823169590e-06 1.413603713640276105e+01
2.860595535175744707e-06 1.438968878081014147e+01
2.913831704832788580e-06 1.464789185332209520e+01
2.968058608665602509e-06 1.491072802302399225e+01
3.023294684405776334e-06 1.517828042444001468e+01
3.079558712914223269e-06 1.545063368382843549e+01
3.136869824566879554e-06 1.572787394594880084e+01
3.195247505759213607e-06 1.601008890130916384e+01
3.254711605531848180e-06 1.629736781390263545e+01
3.315282342319423268e-06 1.658980154944116592e+01
3.376980310825087979e-06 1.688748260409629509e+01
3.439826489022928263e-06 1.719050513375554345e+01
3.503842245290675931e-06 1.749896498380354615e+01
3.569049345675229473e-06 1.781295971943795564e+01
3.635469961293317715e-06 1.813258865652918672e+01
3.703126675869923221e-06 1.845795289303370623e+01
3.772042493417001451e-06 1.878915534097113849e+01
3.842240846055060925e-06 1.912630075897489945e+01
3.913745601980383925e-06 1.946949578542740866e+01
3.986581073580438997e-06 1.981884897218905905e+01
4.060772025700369827e-06 2.017447081893266869e+01
4.136343684063277771e-06 2.053647380809472267e+01
4.213321743847289341e-06 2.090497244045355885e+01
4.291732378422157257e-06 2.128008327134565292e+01
4.371602248248501995e-06 2.166192494753228459e+01
4.452958509942660131e-06 2.205061824472980447e+01
4.535828825510190501e-06 2.244628610580883787e+01
4.620241371751312800e-06 2.284905367968023882e+01
4.706224849841281354e-06 2.325904836087915939e+01
4.793808495089106764e-06 2.367639982985942737e+01
4.883022086877884802e-06 2.410124009400271561e+01
4.973895958790067320e-06 2.453370352937153243e+01
5.066461008921268308e-06 2.497392692322007690e+01
5.160748710385907653e-06 2.542204951725983975e+01
5.256791122018419569e-06 2.587821305170152897e+01
5.354620899273612870e-06 2.634256181010513487e+01
5.454271305329836335e-06 2.681524266504862553e+01
5.555776222398877724e-06 2.729640512454651713e+01
5.659170163246242047e-06 2.778620137933123146e+01
5.764488282925873171e-06 2.828478635099083860e+01
5.871766390733261702e-06 2.879231774094868612e+01
5.981040962380943893e-06 2.930895608017497267e+01
6.092349152400711479e-06 2.983486478004153852e+01
6.205728806776500758e-06 3.037021018409744499e+01
6.321218475812448520e-06 3.091516162068305107e+01
6.438857427240426203e-06 3.146989145649910569e+01
6.558685659571435694e-06 3.203457515162075708e+01
6.680743915695614373e-06 3.260939131522593470e+01
6.805073696735206548e-06 3.319452176148921296e+01
6.931717276155400522e-06 3.379015156704474521e+01
7.060717714137779753e-06 3.439646912952856894e+01
7.192118872221192478e-06 3.501366622629921466e+01
7.325965428215230423e-06 3.564193807243167100e+01
7.462302891391107415e-06 3.628148338482636603e+01
7.601177617955322483e-06 3.693250444585897441e+01
7.742636826811276894e-06 3.759520716734970591e+01
7.886728615614156015e-06 3.826980115655666737e+01
8.033501977124734187e-06 3.895649979347545155e+01
8.183006815867388940e-06 3.965552029587306038e+01
8.335293965098186867e-06 4.036708378027515920e+01
8.490415204088755231e-06 4.109141533178213024e+01
8.648423275731726255e-06 4.182874407507580372e+01
8.809371904473991624e-06 4.257930321949184815e+01
8.973315814583520257e-06 4.334333010464981584e+01
9.140310748756222539e-06 4.412106631934322110e+01
9.310413487069085011e-06 4.491275778351625547e+01
9.483681866285928263e-06 4.571865482584280471e+01
9.660174799522645609e-06 4.653901230290055935e+01
9.839952296278226164e-06 4.737408987766242063e+01
1.002307548283864352e-05 4.822415196843312657e+01
1.020960662306047607e-05 4.908946775374582217e+01
1.039960913954120295e-05 4.997031125823248487e+01
1.059314763518370065e-05 5.086696140928986409e+01
1.079028791516183681e-05 5.177970144637568239e+01
1.099109700929496075e-05 5.270881895600430056e+01
1.119564319483879364e-05 5.365460659286765122e+01
1.140399601970033156e-05 5.461736219784900470e+01
1.161622632608501823e-05 5.559738888976594495e+01
1.183240627458378028e-05 5.659499585069836769e+01
1.205260936870841401e-05 5.761049970730431369e+01
1.227691047988360416e-05 5.864422316858244955e+01
1.250538587290391306e-05 5.969649482241101879e+01
1.273811323186478452e-05 6.076764924424833225e+01
1.297517168657586877e-05 6.185802690894428224e+01
1.321664183946603801e-05 6.296797274273838241e+01
1.346260579298911035e-05 6.409783695022827033e+01
1.371314717753945535e-05 6.524797596022324342e+01
1.396835117988739660e-05 6.641875254253490368e+01
1.422830457214351858e-05 6.761053593209088319e+01
1.449309574126215066e-05 6.882370249115709271e+01
1.476281471909390976e-05 7.005863609152672211e+01
1.503755321299738461e-05 7.131572756281239833e+01
1.531740463702079875e-05 7.259537476242869047e+01
1.560246414366367928e-05 7.389798270224707721e+01
1.589282865622976477e-05 7.522396361348751270e+01
1.618859690178199096e-05 7.657373687788704331e+01
1.648986944471064877e-05 7.794772933633815626e+01
1.679674872092653225e-05 7.934637548492612780e+01
1.710933907269013374e-05 8.077011761215626962e+01
1.742774678408917511e-05 8.221940593857239321e+01
1.775208011717636033e-05 8.369469875808341897e+01
1.808244934877951653e-05 8.519646258287954765e+01
1.841896680799710997e-05 8.672517229137021388e+01
1.876174691439119540e-05 8.828131127815950663e+01
1.911090621689135813e-05 8.986537160607880992e+01
1.946656343342263208e-05 9.147785408655859385e+01
1.982883949127071257e-05 9.311926835863918939e+01
2.019785756819878213e-05 9.479013317087186863e+01
2.057374313432911553e-05 9.649097656065976025e+01
2.095662399480430758e-05 9.822233602025812615e+01
2.134663033324245526e-05 9.998475878282526708e+01
2.174389475600079909e-05 1.017788025825518616e+02
2.214855233726359179e-05 1.036050354402757421e+02
2.256074066496859061e-05 1.054640356060476734e+02
2.298059988758848710e-05 1.073563917436787563e+02
2.340827276178294449e-05 1.092827030827084513e+02
2.384390470093720405e-05 1.112435787902741424e+02
2.428764382460450616e-05 1.132396380872243213e+02
2.473964100886811809e-05 1.152715112138038052e+02
2.520004993764089510e-05 1.173398396621409745e+02
2.566902715491951889e-05 1.194452763766681755e+02
2.614673211801091967e-05 1.215884863771299251e+02
2.663332725174980827e-05 1.237701477629337887e+02
2.712897800372464488e-05 1.259909510310760652e+02
2.763385290053166867e-05 1.282515991025961739e+02
2.814812360507581271e-05 1.305528075467867666e+02
2.867196497493769796e-05 1.328953047016815106e+02
2.920555512182745176e-05 1.352798310440352907e+02
2.974907547214443635e-05 1.377071398112626923e+02
3.030271082866393099e-05 1.401779977058075985e+02
3.086664943337274645e-05 1.426931851392619137e+02
3.144108303147264728e-05 1.452534964872776015e+02
3.202620693657650487e-05 1.478597408271603513e+02
3.262222009711673420e-05 1.505127424381215064e+02
3.322932516398968385e-05 1.532133404551109095e+02
3.384772855945982823e-05 1.559623890849094607e+02
3.447764054734463976e-05 1.587607578771771557e+02
3.511927530450727994e-05 1.616093318178552352e+02
3.577285099367877297e-05 1.645090110280386568e+02
3.643858983763540501e-05 1.674607115535349351e+02
3.711671819475766804e-05 1.704653658324379251e+02
3.780746663599348950e-05 1.735239229877292075e+02
3.851107002325568519e-05 1.766373491484739873e+02
3.922776758927723722e-05 1.798066280597340665e+02
3.995780301895265397e-05 1.830327613299825487e+02
4.070142453219438740e-05 1.863167685255895378e+02
4.145888496832910884e-05 1.896596874871269449e+02
4.223044187206672164e-05 1.930625746573180095e+02
4.301635758106799609e-05 1.965265054964212936e+02
4.381689931514194311e-05 2.000525749104691329e+02
4.463233926710397564e-05 2.036418974623998110e+02
4.546295469532399562e-05 2.072956077059184281e+02
4.630902801799736631e-05 2.110148605440606957e+02
4.717084690917022538e-05 2.148008313889126271e+02
4.804870439655133953e-05 2.186547154820090384e+02
4.894289896114531718e-05 2.225777289594257695e+02
4.985373463873893942e-05 2.265711096630152213e+02
5.078152112327670659e-05 2.306361175266419252e+02
5.172657387216024049e-05 2.347740350165665859e+02
5.268921421350677227e-05 2.389861686446041915e+02
5.366976945540475778e-05 2.432738494980736732e+02
5.466857299720180954e-05 2.476384325990438811e+02
5.568596444286408510e-05 2.520812972822785412e+02
5.672228971644549213e-05 2.566038476311650243e+02
5.777790117970507076e-05 2.612075123946336817e+02
5.885315775191450485e-05 2.658937444143749076e+02
5.994842503189408905e-05 2.706640222203456574e+02
6.106407542232036346e-05 2.755198507434092789e+02
6.220048825634718519e-05 2.804627617848038881e+02
6.335804992658254750e-05 2.854943145196484124e+02
6.453715401646701526e-05 2.906160961931905149e+02
6.573820143409585715e-05 2.958297225237636212e+02
6.696160054853215278e-05 3.011368380921116454e+02
6.820776732865691926e-05 3.065391168540701869e+02
6.947712548460240371e-05 3.120382626722018813e+02
7.077010661181888922e-05 3.176360102674648829e+02
7.208715033782135055e-05 3.233341259812655153e+02
7.342870447166758088e-05 3.291344078025452973e+02
7.479522515621828658e-05 3.350386858877500345e+02
7.618717702322998534e-05 3.410488231353589299e+02
7.760503335133570393e-05 3.471667153618421935e+02
7.904927622696420267e-05 3.533942905664866885e+02
8.052039670825470135e-05 3.597335106760951362e+02
8.201889499202211654e-05 3.661863725696102279e+02
8.354528058382871408e-05 3.727549086971548036e+02
8.510007247122245886e-05 3.794411876282742355e+02
8.668379930019773523e-05 3.862473135974374259e+02
8.829699955494083421e-05 3.931754273619534388e+02
8.994022174092052957e-05 4.002277076587201918e+02
9.161402457138520365e-05 4.074063718920909309e+02
9.331897715733238812e-05 4.147136768269569984e+02
9.505565920101190930e-05 4.221519210710671928e+02
9.682466119303114621e-05 4.297234477715051639e+02
9.862658461312830713e-05 4.374306423768352943e+02
1.004620421346813112e-04 4.452759329714372711e+02
1.023316578330244966e-04 4.532617910363599663e+02
1.042360673976401179e-04 4.613907312951458835e+02
1.061759183483000125e-04 4.696653076549760044e+02
1.081518702552288164e-04 4.780881171345333769e+02
1.101645949633656949e-04 4.866618026704334170e+02
1.122147768207980290e-04 4.953890539226567853e+02
1.143031129114478576e-04 5.042726081539018992e+02
1.164303132920876748e-04 5.133152525757215017e+02
1.185971012337669371e-04 5.225198253830244539e+02
1.208042134677328878e-04 5.318892151604147784e+02
1.230524004359261579e-04 5.414263616943454736e+02
1.253424265461399551e-04 5.511342568715563175e+02
1.276750704319265669e-04 5.610159446557362344e+02
1.300511252173408420e-04 5.710745201533526370e+02
1.324713987866117508e-04 5.813131326029756565e+02
1.349367140588306430e-04 5.917349867866636259e+02
1.374479092677536609e-04 6.023433439962094553e+02
1.400058382468097589e-04 6.131415229909885056e+02
1.426113707194128302e-04 6.241329007903108277e+02
1.452653925946781202e-04 6.353209137786318479e+02
1.479688062686396383e-04 6.467090588534875906e+02
1.507225309310755506e-04 6.583008944768632773e+02
1.535275028780422768e-04 6.701000416713486629e+02
1.563846758302246274e-04 6.821101815511522091e+02
1.592950212572122977e-04 6.943350544862299785e+02
1.622595287078087002e-04 7.067784657181116472e+02
1.652792061464895552e-04 7.194442868618190232e+02
1.683550802961202269e-04 7.323364570362423365e+02
1.714881969870539155e-04 7.454589850144147931e+02
1.746796215127245720e-04 7.588159537162819106e+02
1.779304389918577296e-04 7.724115185792600187e+02
1.812417547374237711e-04 7.862499077329205193e+02
1.846146946324547647e-04 8.003354232464874940e+02
1.880504055128581460e-04 8.146724417776332530e+02
1.915500555573527931e-04 8.292654073691747953e+02
1.951148346846616412e-04 8.441188342580314838e+02
1.987459549580983655e-04 8.592373144294664371e+02
2.024446509976803791e-04 8.746255190762742586e+02
2.062121803999142420e-04 8.902881999231512964e+02
2.100498241653915262e-04 9.062301910431777969e+02
2.139588871343421563e-04 9.224564107630751550e+02
2.179406984302955763e-04 9.389718622561847496e+02
2.219966119119954869e-04 9.557816348413200558e+02
2.261280066337277204e-04 9.728909054170308082e+02
2.303362873142131230e-04 9.903049380195911908e+02
2.346228848142262321e-04 1.008029075198948362e+03
2.389892566231050343e-04 1.026068745952432437e+03
2.434368873543110473e-04 1.044429471452371899e+03
2.479672892502157722e-04 1.063116866545439962e+03
2.525820026962784779e-04 1.082136641118720490e+03
2.572825967447932359e-04 1.101494598034826140e+03
2.620706696483852353e-04 1.121196634185228277e+03
2.669478494034321025e-04 1.141248745560909356e+03
2.719157943036019107e-04 1.161657029009217922e+03
2.769761935036891046e-04 1.182427683834585878e+03
2.821307675939470740e-04 1.203567011308464316e+03
2.873812691851066240e-04 1.225081412018879291e+03
2.927294835042816242e-04 1.246977392202440797e+03
2.981772290019673471e-04 1.269261566484844707e+03
3.037263579703311511e-04 1.291940659571052038e+03
3.093787571730136510e-04 1.315021505858373530e+03
3.151363484866479448e-04 1.338511033342543897e+03
3.210010895543171532e-04 1.362416272845826143e+03
3.269749744511768171e-04 1.386744369742376421e+03
3.330600343624588820e-04 1.411502585763993011e+03
3.392583382740992125e-04 1.436698300594720422e+03
3.455719936762139321e-04 1.462339006918052064e+03
3.520031472796678832e-04 1.488432308393097628e+03
3.585539857459817017e-04 1.514985930011544269e+03
3.652267364308175480e-04 1.542007720612311687e+03
3.720236681413065759e-04 1.569505654656906927e+03
3.789470919074667469e-04 1.597487830495499338e+03
3.859993617679767291e-04 1.625962460226244957e+03
3.931828755705770373e-04 1.654937881559539392e+03
4.005000757873611187e-04 1.684422563432493007e+03
4.079534503452448896e-04 1.714425107812515762e+03
4.155455334718875077e-04 1.744954249792107248e+03
4.232789065573548692e-04 1.776018835232499441e+03
4.311561990318228460e-04 1.807627826622820749e+03
4.391800892596086085e-04 1.839790322900056708e+03
4.473533054498462949e-04 1.872515561664356710e+03
4.556786265841063742e-04 1.905812920853212518e+03
4.641588833612777317e-04 1.939691908153473605e+03
4.727969591600390906e-04 1.974162148306672179e+03
4.815957910192350576e-04 2.009233405779371424e+03
4.905583706365045484e-04 2.044915589477418280e+03
4.996877453854884276e-04 2.081218754430269655e+03
5.089870193519679693e-04 2.118153099943961934e+03
5.184593543892913273e-04 2.155728952110570390e+03
5.281079711934330654e-04 2.193956777578920082e+03
5.379361503980703346e-04 2.232847193352875365e+03
5.479472336900287170e-04 2.272410968418631910e+03
5.581446249454960701e-04 2.312659023858531782e+03
5.685317913873753860e-04 2.353602396854577364e+03
5.791122647641758691e-04 2.395252236491555323e+03
5.898896425508498922e-04 2.437619842265620719e+03
6.008675891719686369e-04 2.480716667359909479e+03
6.120498372476696662e-04 2.524554319983175901e+03
6.234401888627863660e-04 2.569144553843172162e+03
6.350425168595961881e-04 2.614499246916730499e+03
6.468607661546327617e-04 2.660630426988392173e+03
6.588989550799950095e-04 2.707550278497142699e+03
6.711611767496279343e-04 2.755271143675188796e+03
6.836516004510238267e-04 2.803805518484189179e+03
6.963744730628222430e-04 2.853166008844013049e+03
7.093341204987996815e-04 2.903365350135575682e+03
7.225349491787214518e-04 2.954416433612891069e+03
7.359814475265763706e-04 3.006332307460684206e+03
7.496781874966877051e-04 3.059126176672486963e+03
7.636298261282241416e-04 3.112811357235226751e+03
7.778411071286489781e-04 3.167401249580997501e+03
7.923168624866253540e-04 3.222909399523779030e+03
8.070620141149498694e-04 3.279349503961380378e+03
8.220815755240540919e-04 3.336735411073487739e+03
8.373806535266489033e-04 3.395081101142340685e+03
8.529644499741025759e-04 3.454400619901980463e+03
8.688382635251184257e-04 3.514708134122573483e+03
8.850074914473439122e-04 3.576017952885480099e+03
9.014776314524917782e-04 3.638344527135735916e+03
9.182542835656281937e-04 3.701702443516191124e+03
9.353431520292386373e-04 3.766106342902156030e+03
9.527500472427289724e-04 3.831570932339011961e+03
9.704808877380306743e-04 3.898111045110730174e+03
9.885417021919572569e-04 3.965741641113235346e+03
1.006938631476027041e-03 4.034477805028643161e+03
1.025677930744421868e-03 4.104334671742598402e+03
1.044765971560804264e-03 4.175327337098909084e+03
1.064209244064724582e-03 4.247470981484955701e+03
1.084014359178331072e-03 4.320780885935230799e+03
1.104188050854160164e-03 4.395272429544467741e+03
1.124737178364752007e-03 4.470961061946969494e+03
1.145668728634871483e-03 4.547862163484648590e+03
1.166989818617147380e-03 4.625991127608527677e+03
1.188707697711903228e-03 4.705363416411634716e+03
1.210829750232039325e-03 4.785994556840958467e+03
1.233363497913775872e-03 4.867900130684482974e+03
1.256316602474120232e-03 4.951095617497327112e+03
1.279696868215941504e-03 5.035596364747649204e+03
1.303512244681508938e-03 5.121417735346319205e+03
1.327770829355428986e-03 5.208575110095051059e+03
1.352480870417875451e-03 5.297083881801590906e+03
1.377650769549053616e-03 5.386959387307026191e+03
1.403289084785873256e-03 5.478216770084241944e+03
1.429404533431761007e-03 5.570871113968649297e+03
1.456005995020648574e-03 5.664937469320505443e+03
1.483102514336104337e-03 5.760430845446903731e+03
1.510703304486653948e-03 5.857366175916909924e+03
1.538817750038346368e-03 5.955758073434914877e+03
1.567455410205594903e-03 6.055620917684304004e+03
1.596626022101425152e-03 6.156968983031560128e+03
1.626339504048192157e-03 6.259816430255800697e+03
1.656605958949913414e-03 6.364177292935130026e+03
1.687435677727375672e-03 6.470065270831613816e+03
1.718839142817145697e-03 6.577493601293272150e+03
1.750827031735725098e-03 6.686475306789852766e+03
1.783410220710008025e-03 6.797023206416907669e+03
1.816599788375326732e-03 6.909149903301600716e+03
1.850407019542302115e-03 7.022867706711098435e+03
1.884843409033795311e-03 7.138188390373925358e+03
1.919920665593284788e-03 7.255123368840821968e+03
1.955650715865949168e-03 7.373683758171605405e+03
1.992045708453869367e-03 7.493880360997804928e+03
2.029118018046678195e-03 7.615723630680286078e+03
2.066880249629082268e-03 7.739223354308660419e+03
2.105345242766706263e-03 7.864388682229146980e+03
2.144526075971667656e-03 7.991228342685775715e+03
2.184436071149426298e-03 8.119750630685792203e+03
2.225088798128369450e-03 8.249963389292106513e+03
2.266498079273692682e-03 8.381873846205215159e+03
2.308677994187169520e-03 8.515488417835334985e+03
2.351642884494348565e-03 8.650812944059631263e+03
2.395407358720876793e-03 8.787852706530289652e+03
2.439986297259550199e-03 8.926612408567585589e+03
2.485394857429798314e-03 9.067096092734152990e+03
2.531648478631355528e-03 9.209306771747886160e+03
2.578762887593801043e-03 9.353246624996156243e+03
2.626754103723835752e-03 9.498917130022222409e+03
2.675638444552045497e-03 9.646319040623751789e+03
2.725432531281027707e-03 9.795452355004134006e+03
2.776153294436800850e-03 9.946316044967355992e+03
2.827817979625341181e-03 1.009890799025311208e+04
2.880444153396298067e-03 1.025322520748471288e+04
2.934049709215786998e-03 1.040926383996861114e+04
2.988652873550382699e-03 1.056701913364440588e+04
3.044272212064302961e-03 1.072648525272392908e+04
3.100926635931926852e-03 1.088765491063354239e+04
3.158635408267819206e-03 1.105051971650462838e+04
3.217418150676371654e-03 1.121507023992813447e+04
3.277294849923382148e-03 1.138129598588823319e+04
3.338285864731760887e-03 1.154918530989448664e+04
3.400411932703706255e-03 1.171872485598859748e+04
3.463694177371734288e-03 1.188989975067057276e+04
3.528154115380883159e-03 1.206269389404684625e+04
3.593813663804625805e-03 1.223708993793078662e+04
3.660695147596902416e-03 1.241306925239717930e+04
3.728821307182833642e-03 1.259061143603297751e+04
3.798215306190736145e-03 1.276969400801877964e+04
3.868900739327975347e-03 1.295029300915014392e+04
3.940901640403447412e-03 1.313238303524223375e+04
4.014242490499322046e-03 1.331593721252704745e+04
4.088948226294859822e-03 1.350092691424646910e+04
4.165044248545184992e-03 1.368732081288313020e+04
4.242556430717777174e-03 1.387508563319569475e+04
4.321511127789762381e-03 1.406418644043815584e+04
4.401935185208874328e-03 1.425458661771392872e+04
4.483855948021185991e-03 1.444624782208907891e+04
4.567301270168746923e-03 1.463912963328348451e+04
4.652299523960188969e-03 1.483318958482104426e+04
4.738879609717651029e-03 1.502838340497165518e+04
4.827070965603183494e-03 1.522466500655944947e+04
4.916903577628026385e-03 1.542198645996626692e+04
5.008407989848212387e-03 1.562029603813252288e+04
5.101615314749833284e-03 1.581953580912150028e+04
5.196557243827657803e-03 1.601964509616903524e+04
5.293266058360561639e-03 1.622056099336673651e+04
5.391774640387500192e-03 1.642221835419922718e+04
5.492116483887789224e-03 1.662455119945583283e+04
5.594325706169377133e-03 1.682750076705913671e+04
5.698437059469142058e-03 1.703101039322952784e+04
5.804485942768978189e-03 1.723502187390100880e+04
5.912508413831875365e-03 1.743947545878780511e+04
6.022541201461928048e-03 1.764430915183815159e+04
6.134621717992506419e-03 1.784943964128327207e+04
6.248788072006894283e-03 1.805475909462616619e+04
6.365079081295571019e-03 1.826015506736822499e+04
6.483534286054720708e-03 1.846551161543826674e+04
6.604193962330305243e-03 1.867070931719228611e+04
6.727099135712336607e-03 1.887563131327469455e+04
6.852291595284064167e-03 1.908017638994018125e+04
6.979813907830660115e-03 1.928424467698529406e+04
7.109709432312431160e-03 1.948773417807153237e+04
7.242022334607315683e-03 1.969054081215323095e+04
7.376797602527730875e-03 1.989255820147336635e+04
7.514081061116969704e-03 2.009367538206316749e+04
7.653919388230148030e-03 2.029377784400309611e+04
7.796360130405228725e-03 2.049274901104109813e+04
7.941451719029339953e-03 2.069047032280904750e+04
8.089243486805938743e-03 2.088682117948874293e+04
8.239785684528520143e-03 2.108167165126912005e+04
8.393129498166364971e-03 2.127487811547002275e+04
8.549327066268375130e-03 2.146629357694242572e+04
8.708431497690724554e-03 2.165576874493591458e+04
8.870496889654402514e-03 2.184315214894165911e+04
9.035578346138930725e-03 2.202828888757857931e+04
9.203731996618221695e-03 2.221101582672341101e+04
9.375015015145289968e-03 2.239116601726975205e+04
9.549485639791965852e-03 2.256857057699551660e+04
9.727203192450536648e-03 2.274305885831877094e+04
9.908228099003798042e-03 2.291445829070646141e+04
1.009262190987048405e-02 2.308258951225336932e+04
1.028044732093309765e-02 2.324726743894475658e+04
1.047176819485520251e-02 2.340830558506590751e+04
1.066664958279538861e-02 2.356551641361315342e+04
1.086515774652537306e-02 2.371871155977611124e+04
1.106736018095974550e-02 2.386769882433363091e+04
1.127332563710487130e-02 2.401227844557367644e+04
1.148312414543511094e-02 2.415224943921475278e+04
1.169682703970384603e-02 2.428741083031058588e+04
1.191450698119774811e-02 2.441756196690842989e+04
1.213623798344241715e-02 2.454250080459357196e+04
1.236209543736769070e-02 2.466201257809443632e+04
1.259215613694150866e-02 2.477587794723642219e+04
1.282649830528059809e-02 2.488387888565468165e+04
1.306520162124719976e-02 2.498579911266268755e+04
1.330834724654075991e-02 2.508142428244207622e+04
1.355601785329368925e-02 2.517053587798271474e+04
1.380829765218092274e-02 2.525291073657056040e+04
1.406527242105236331e-02 2.532832864185664221e+04
1.432702953409829491e-02 2.539657322858656335e+04
1.459365799155757683e-02 2.545743249707599171e+04
1.486524844997857107e-02 2.551069541830866365e+04
1.514189325304352018e-02 2.555614402281576258e+04
1.542368646296627364e-02 2.559356379265517171e+04
1.571072389247448950e-02 2.562274666120762413e+04
1.600310313738701612e-02 2.564349161799079229e+04
1.630092360979741237e-02 2.565560455938979430e+04
1.660428657187529647e-02 2.565889198487093381e+04
1.691329517029646970e-02 2.565316482750781142e+04
1.722805447131392151e-02 2.563824350197528838e+04
1.754867149648152089e-02 2.561395860758674462e+04
1.787525525904235316e-02 2.558015154721527142e+04
1.820791680099462587e-02 2.553667376124986549e+04
1.854676923084697462e-02 2.548338656347929282e+04
1.889192776207664418e-02 2.542016380634234883e+04
1.924350975230332272e-02 2.534689268323020951e+04
1.960163474319185847e-02 2.526347431734636120e+04
1.996642450109793396e-02 2.516982632883390033e+04
2.033800305846979878e-02 2.506589048674026708e+04
2.071649675602066712e-02 2.495162651601382095e+04
2.110203428568596662e-02 2.482700987422901380e+04
2.149474673437980557e-02 2.469203214542199566e+04
2.189476762856620851e-02 2.454670278931204666e+04
2.230223297965936227e-02 2.439107058542674349e+04
2.271728133026902630e-02 2.422521898411901930e+04
2.314005380130654266e-02 2.404924799708627688e+04
2.357069413996727703e-02 2.386327367103749566e+04
2.400934876860651851e-02 2.366742818261112188e+04
2.445616683452444054e-02 2.346188457891345752e+04
2.491130026067791062e-02 2.324688549976637660e+04
2.537490379733571555e-02 2.302269337458045266e+04
2.584713507469563881e-02 2.278958235249606878e+04
2.632815465648019951e-02 2.254783773275666681e+04
2.681812609453012794e-02 2.229776857622078387e+04
2.731721598441379240e-02 2.203978174044371190e+04
2.782559402207126012e-02 2.177432474119909602e+04
2.834343306151309444e-02 2.150184677919173555e+04
2.887090917359234551e-02 2.122279753404149596e+04
2.940820170587060689e-02 2.093762932626514885e+04
2.995549334359816351e-02 2.064688526394868313e+04
3.051297017182870788e-02 2.035120392912032548e+04
3.108082173869063797e-02 2.005121410862503035e+04
3.165924111983520889e-02 1.974752769060212813e+04
3.224842498408438812e-02 1.944073855690886194e+04
3.284857366030047299e-02 1.913146590493850090e+04
3.345989120549974771e-02 1.882044526763502654e+04
3.408258547423451829e-02 1.850840668762032874e+04
3.471686818926559420e-02 1.819604504466857907e+04
3.536295501355039145e-02 1.788401966480619012e+04
3.602106562357073466e-02 1.757297225998481736e+04
3.669142378402494298e-02 1.726369099559742608e+04
3.737425742391064371e-02 1.695702054626135214e+04
3.806979871402284277e-02 1.665375043357817412e+04
3.877828414589453571e-02 1.635461491695483710e+04
3.949995461220646986e-02 1.606029347820774092e+04
4.023505548869293208e-02 1.577133907608195841e+04
4.098383671757261509e-02 1.548814389120326814e+04
4.174655289253134671e-02 1.521105651738565393e+04
4.252346334528677579e-02 1.494039467044875528e+04
4.331483223376402653e-02 1.467644700047596780e+04
4.412092863191190151e-02 1.441955871252002180e+04
4.494202662119142072e-02 1.417042777580927577e+04
4.577840538376616586e-02 1.392980717411117075e+04
4.663034929742726487e-02 1.369839237407510882e+04
4.749814803228504662e-02 1.347682700152133839e+04
4.838209664925956915e-02 1.326559414242616913e+04
4.928249570040513228e-02 1.306425372011374202e+04
5.019965133110079053e-02 1.287197454321789701e+04
5.113387538414320560e-02 1.268796984697987136e+04
5.208548550577665748e-02 1.251149587734334636e+04
5.305480525369574152e-02 1.234184368445182918e+04
5.404216420705915125e-02 1.217832561568995698e+04
5.504789807854967854e-02 1.202028530250604126e+04
5.607234882852026731e-02 1.186709835604760701e+04
5.711586478126434718e-02 1.171814955594134881e+04
5.817880074344935343e-02 1.157265713414128368e+04
5.926151812475552449e-02 1.142976824047856280e+04
6.036438506075864074e-02 1.128866899183473470e+04
6.148777653810016952e-02 1.114855144770126208e+04
6.263207452198692182e-02 1.100831463393060221e+04
6.379766808606282535e-02 1.086672057698268873e+04
6.498495354469888130e-02 1.072259563572417028e+04
6.619433458774387491e-02 1.057475018431676472e+04
6.742622241778335745e-02 1.042169340848662614e+04
6.868103588995307096e-02 1.026193443273708181e+04
6.995920165435375038e-02 1.009411115914137736e+04
7.126115430111745752e-02 9.917222889267501159e+03
7.258733650817246474e-02 9.730646071348452097e+03
7.393819919175873001e-02 9.533886504452184454e+03
7.531420165974375691e-02 9.326798109640674738e+03
7.671581176779301847e-02 9.109876238886039573e+03
7.814350607844541829e-02 8.883752520248050132e+03
7.959777002314977201e-02 8.649317747822300589e+03
8.107909806731694591e-02 8.408145008194302136e+03
8.258799387844271978e-02 8.161874034359881989e+03
8.412497049736118726e-02 7.912211030474296422e+03
8.569055051268346934e-02 7.661143391608709862e+03
8.728526623848370525e-02 7.410550456111973290e+03
8.890965989529167612e-02 7.162314311523700781e+03
9.056428379445294330e-02 6.918371448825587322e+03
9.224970052592174063e-02 6.680476631798498602e+03
9.396648314954690606e-02 6.450530010004407814e+03
9.571521538991856204e-02 6.230369288379781210e+03
9.749649183484096482e-02 6.021565976327377030e+03
9.931091813749801100e-02 5.825569325850062341e+03
1.011591112223829692e-01 5.643697337339949627e+03
1.030416994950587445e-01 5.477024927632949584e+03
1.049593230558226592e-01 5.325856555677651158e+03
1.069126339173477186e-01 5.190046373168906939e+03
1.089022962263730548e-01 5.069271825194047778e+03
1.109289864895222771e-01 4.962044602841759115e+03
1.129933938033221702e-01 4.866568822356000965e+03
1.150962200885031206e-01 4.780814758755134790e+03
1.172381803286599716e-01 4.702016764796458119e+03
1.194200028133532432e-01 4.627455370561490781e+03
1.216424293857368000e-01 4.554305514679408589e+03
1.239062156947915577e-01 4.479737084825690545e+03
1.262121314522546001e-01 4.401203522407822675e+03
1.285609606943296512e-01 4.316551021177875555e+03
1.309535020482667789e-01 4.223982615930334759e+03
1.333905690039058622e-01 4.122558597572879989e+03
1.358729901902709092e-01 4.011800632651439173e+03
1.384016096573130183e-01 3.892126384997963214e+03
1.409772871628967583e-01 3.764506118022288774e+03
1.436008984651260534e-01 3.630550428650402409e+03
1.462733356201129931e-01 3.492322024796676487e+03
1.489955072852853779e-01 3.352351577107370758e+03
1.517683390283403877e-01 3.213493915055257730e+03
1.545927736419478449e-01 3.078833656174542739e+03
1.574697714643086832e-01 2.951507822810091966e+03
1.604003107056820032e-01 2.834163531320051788e+03
1.633853877809860466e-01 2.728885566743170330e+03
1.664260176485901910e-01 2.636436318817451593e+03
1.695232341554121502e-01 2.556677408148593713e+03
1.726780903884355955e-01 2.488152977495120467e+03
1.758916590327732621e-01 2.428903540787069232e+03
1.791650327363899509e-01 2.376509412006395451e+03
1.824993244816150439e-01 2.328386631684520125e+03
1.858956679635688225e-01 2.281832009289832513e+03
1.893552179756295140e-01 2.233993811897635169e+03
1.928791508020777645e-01 2.182241041099649919e+03
1.964686646180444640e-01 2.124469510018949222e+03
2.001249798969035043e-01 2.059820244618860670e+03
2.038493398252464173e-01 1.988721906111467888e+03
2.076430107255774760e-01 1.912833721912817282e+03
2.115072824868794721e-01 1.834564606606369807e+03
2.154434690031882260e-01 1.756566405244482894e+03
2.194529086203311496e-01 1.681441551531307596e+03
2.235369645909796588e-01 1.611520543016779357e+03
2.276970255381680075e-01 1.548532073289731443e+03
2.319345059274427467e-01 1.493311010513825522e+03
2.362508465477945185e-01 1.445670166619070415e+03
2.406475150015421616e-01 1.404466734804672569e+03
2.451260062033339682e-01 1.367851824782772383e+03
2.496878428884326817e-01 1.333512891944807052e+03
2.543345761304648400e-01 1.298989878708567176e+03
2.590677858688006374e-01 1.262196476243332654e+03
2.638890814457512946e-01 1.222015581724164122e+03
2.688001021537607671e-01 1.178576384963266264e+03
2.738025177927857490e-01 1.132969834520770291e+03
2.788980292380439652e-01 1.086732278370114045e+03
2.840883690183301225e-01 1.041550011009388982e+03
2.893753019050953057e-01 9.991052490694348762e+02
2.947606255124858854e-01 9.607126193591932406e+02
3.002461709085549324e-01 9.268062546040113148e+02
3.058338032378431492e-01 8.967654765810700610e+02
3.115254223555484758e-01 8.692885198670414866e+02
3.173229634734979765e-01 8.429316392511796039e+02
3.232283978181380579e-01 8.164267118679106261e+02
3.292437333007768863e-01 7.888693371482460179e+02
3.353710152002928879e-01 7.599943005288298536e+02
3.416123268585524730e-01 7.303579075043971898e+02
3.479697903887695176e-01 7.010692739424245019e+02
3.544455673970435816e-01 6.732025424427079088e+02
3.610418597173337130e-01 6.473941821434735857e+02
3.677609101601030939e-01 6.238094616606339287e+02
3.746050032748989289e-01 6.021760021648379961e+02
3.815764661271252578e-01 5.817939023315730083e+02
3.886776690892667641e-01 5.618026536632295347e+02
3.959110266468458539e-01 5.416426989991526852e+02
4.032789982193705214e-01 5.212640225807796241e+02
4.107840889965642672e-01 5.009907604204132667e+02
4.184288507901584575e-01 4.813008163025494355e+02
4.262158829015325057e-01 4.626517809375640695e+02
4.341478330055092427e-01 4.452652627825867171e+02
4.422273980505896929e-01 4.289580728455246685e+02
4.504573251759453889e-01 4.133522843688767807e+02
4.588404126454761478e-01 3.981404692521231823e+02
4.673795107992463338e-01 3.830954460652642979e+02
4.760775230226367838e-01 3.682454730483345884e+02
4.849374067335233129e-01 3.538620975575556145e+02
4.939621743878315763e-01 3.401228843190406224e+02
5.031548945038056830e-01 3.270852879955486969e+02
5.125186927053332342e-01 3.146957421689979810e+02
5.220567527846975420e-01 3.027545481276603709e+02
5.317723177850967042e-01 2.911215595153210529e+02
5.416686911033146146e-01 2.797926468493142238e+02
5.517492376129128351e-01 2.688106910824505462e+02
5.620173848083187540e-01 2.582796060232316790e+02
5.724766239702178128e-01 2.482200576955540328e+02
5.831305113526218387e-01 2.385679268360669028e+02
5.939826693920350342e-01 2.292708725989194818e+02
6.050367879391224113e-01 2.202582636808426741e+02
6.162966255132942273e-01 2.115523819711894191e+02
6.277660105806499580e-01 2.031741540651596267e+02
6.394488428556936999e-01 1.951321930696126685e+02
6.513490946272796345e-01 1.874143071378805132e+02
6.634708121092350863e-01 1.799878048286611545e+02
6.758181168161110364e-01 1.728346915696669441e+02
6.883952069645495886e-01 1.659463658148022489e+02
7.012063589007176967e-01 1.593145789650581037e+02
7.142559285543118586e-01 1.529312367810973967e+02
7.275483529196232757e-01 1.467884034220882938e+02
7.410881515641569717e-01 1.408783048846218549e+02
7.548799281653431059e-01 1.351933318742216272e+02
7.689283720758305352e-01 1.297260421413278095e+02
7.832382599179203986e-01 1.244691623129732392e+02
7.978144572076628638e-01 1.194155892506282299e+02
8.126619200091945716e-01 1.145583909638991145e+02
8.277856966198472444e-01 1.098907438978045974e+02
8.431909292866250905e-01 1.054056700566103046e+02
8.588828559546258790e-01 1.010963159438817627e+02
8.748668120479914379e-01 9.695607509093477461e+01
8.911482322840201808e-01 9.297857958946913470e+01
9.077326525210223096e-01 8.915769179459456950e+01
9.246257116405733889e-01 8.548749630732582716e+01
9.418331534647960135e-01 8.196229222735355791e+01
9.593608287093147169e-01 7.857658566718687609e+01
9.772146969725724608e-01 7.532508251905925079e+01
9.954008287621518569e-01 7.220268146626844441e+01
1.013925407558814218e+00 6.920446723093540697e+01
1.032794731918952547e+00 6.632571875636651271e+01
1.052015217616159015e+00 6.356193981015796624e+01
1.071593399822671211e+00 6.090880247096175282e+01
1.091535935331391149e+00 5.836212787924554846e+01
1.111849604819269866e+00 5.591788180819433052e+01
1.132541315152812755e+00 5.357217033083642121e+01
1.153618101736478607e+00 5.132123558314869172e+01
1.175087130904807653e+00 4.916145162276567504e+01
1.196955702359042695e+00 4.708932038282124921e+01
1.219231251649109504e+00 4.510146772033841245e+01
1.241921352701784720e+00 4.319463955849125369e+01
1.265033720395903893e+00 4.136569811352025283e+01
1.288576213185518071e+00 3.961161357913288583e+01
1.312556835771842678e+00 3.792945407635180999e+01
1.336983741824945282e+00 3.631639413444024456e+01
1.361865236756082842e+00 3.476971321314263008e+01
1.387209780541621029e+00 3.328679209518431037e+01
1.413025990599533710e+00 3.186510938930457471e+01
1.439322644719406519e+00 3.050223814106475118e+01
1.466108684046983024e+00 2.919584254869857531e+01
1.493393216124253353e+00 2.794367478132152627e+01
1.521185517986104907e+00 2.674357189685658298e+01
1.549495039314631617e+00 2.559345285707346207e+01
1.578331405652116493e+00 2.449131564099444347e+01
1.607704421673822104e+00 2.343523484702636495e+01
1.637624074521689010e+00 2.242335924405144354e+01
1.668100537200059241e+00 2.145390837386707616e+01
1.699144172034626088e+00 2.052516994244880522e+01
1.730765534195723987e+00 1.963549738545752987e+01
1.762975375287203939e+00 1.878330751225335504e+01
1.795784647002096834e+00 1.796707822628654583e+01
1.829204504846293711e+00 1.718534631977180638e+01
1.863246311931559873e+00 1.643670534059184263e+01
1.897921642839099476e+00 1.571980352941753800e+01
1.933242287555043237e+00 1.503334182506729810e+01
1.969220255479173565e+00 1.437607192664750144e+01
2.005867779508233806e+00 1.374679404386527359e+01
2.043197320195270450e+00 1.314435504382594466e+01
2.081221569986337006e+00 1.256764727628796585e+01
2.119953457536068786e+00 1.201560691719847718e+01
2.159406152103567678e+00 1.148721232825988281e+01
2.199593068030074594e+00 1.098148247336372307e+01
2.240527869300018349e+00 1.049747539013558395e+01
2.282224474186896224e+00 1.003428671487989021e+01
2.324697059985645353e+00 9.591048259255217090e+00
2.367960067833078774e+00 9.166926637054455540e+00
2.412028207618007070e+00 8.761121939507379608e+00
2.456916462982789984e+00 8.372866448397717321e+00
2.502640096417916737e+00 8.001423216491529544e+00
2.549214654451420703e+00 7.646084924870185873e+00
2.596655972934872381e+00 7.306172946600942630e+00
2.644980182427719928e+00 6.981036244083486331e+00
2.694203713681882384e+00 6.670050297705713227e+00
2.744343303228362618e+00 6.372616073648305957e+00
2.795415999067859314e+00 6.088159029523134258e+00
2.847439166467247595e+00 5.816128156572847985e+00
2.900430493863991543e+00 5.555995057192210318e+00
2.954407998880379971e+00 5.307253056573171257e+00
3.009390034449717977e+00 5.069416347307657666e+00
3.065395295056529967e+00 4.842019159414193474e+00
3.122442823092857811e+00 4.624614892295704216e+00
3.180552015332919868e+00 4.416775392269195244e+00
3.239742629528195472e+00 4.218090282155393389e+00
3.300034791125281863e+00 4.028166253083727000e+00
3.361449000108768459e+00 3.846626381785222204e+00
3.424006137971425723e+00 3.673109473852048001e+00
3.487727474814177775e+00 3.507269432039914037e+00
3.552634676578139139e+00 3.348774648720898917e+00
3.618749812411276690e+00 3.197307421622184176e+00
3.686095362172161494e+00 3.052563392014618682e+00
3.754694224073336972e+00 2.914251004542282253e+00
3.824569722466999000e+00 2.782090978072481402e+00
3.895745615775501047e+00 2.655815735908880537e+00
3.968246104569477684e+00 2.535168982305704866e+00
4.042095839796310486e+00 2.419905287091172585e+00
4.117319931161679492e+00 2.309789640349119821e+00
4.193943955667186252e+00 2.204597024251462756e+00
4.271993966306776969e+00 2.104112001778995378e+00
4.351496500925045474e+00 2.008128321698328556e+00
4.432478591240400334e+00 1.916448539185167999e+00
4.514967772036102112e+00 1.828883651505471164e+00
4.598992090522438403e+00 1.745252748186272518e+00
4.684580115873044903e+00 1.665382675128558754e+00
4.771760948938741365e+00 1.589107710564719778e+00
4.860564232142138508e+00 1.516269248487856380e+00
4.951020159556350997e+00 1.446715508845902942e+00
5.043159487171358535e+00 1.380301255768919821e+00
5.137013543351338640e+00 1.316887523575889674e+00
5.232614239486656160e+00 1.256341353839193875e+00
5.329994080844093318e+00 1.198535543085438970e+00
5.429186177618943177e+00 1.143348400721629243e+00
5.530224256192900256e+00 1.090663516790421950e+00
5.633142670601351654e+00 1.040369539172874891e+00
5.737976414214127630e+00 9.923599598709706981e-01
5.844761131633637419e+00 9.465329100156854025e-01
5.953533130814370189e+00 9.027909555310708045e-01
6.064329395408061707e+00 8.610408876421039581e-01
6.177187597338487990e+00 8.211935702437166418e-01
6.292146109610337490e+00 7.831637744230081077e-01
6.409244019356457045e+00 7.468700113555146736e-01
6.528521141127847649e+00 7.122343721397628169e-01
6.650018030431118277e+00 6.791823742922049600e-01
6.773775997517744507e+00 6.476428146353812032e-01
6.899837121430011599e+00 6.175476283223212404e-01
7.028244264308352918e+00 5.888317537501179810e-01
7.159041085964887863e+00 5.614330031251069109e-01
7.292272058728312523e+00 5.352919384499503774e-01
7.427982482564910782e+00 5.103517515959509199e-01
7.566218500481046938e+00 4.865581487822625006e-01
7.707027114212303687e+00 4.638592446184683360e-01
7.850456200204509294e+00 4.422054581924825811e-01
7.996554525892346277e+00 4.215494129573094106e-01
8.145371766280737447e+00 4.018458408537251558e-01
8.296958520834914808e+00 3.830514904951946020e-01
8.451366330684722428e+00 3.651250392483497698e-01
8.608647696149244410e+00 3.480270090487726509e-01
8.768856094587427208e+00 3.317196857983338298e-01
8.932045998580958823e+00 3.161670421963092004e-01
9.098272894455567084e+00 3.013346638430708380e-01
9.267593301146883178e+00 2.871896760217324540e-01
9.440064789417602853e+00 2.737006741726136783e-01
9.615746001432095014e+00 2.608376642199783380e-01
9.794696670695385521e+00 2.485720010512492972e-01
9.976977642363211274e+00 2.368763290085949824e-01
1.016265089392995158e+01 2.257245249468047554e-01
1.035177955630176250e+01 2.150916437496890044e-01
1.054442793526168387e+01 2.049538662016981150e-01
1.074066153333432361e+01 1.952884491155701119e-01
1.094054707205743604e+01 1.860736776209347132e-01
1.114415251466788170e+01 1.772888195226388630e-01
1.135154708920999056e+01 1.689140816212707508e-01
1.156280131207375383e+01 1.609305670247583309e-01
1.177798701197118092e+01 1.533202350285314264e-01
1.199717735435885579e+01 1.460658643492337705e-01
1.222044686631488730e+01 1.391510166559278283e-01
1.244787146187906224e+01 1.325600015841085777e-01
1.267952846786433874e+01 1.262778432818963403e-01
1.291549665014882642e+01 1.202902484228648011e-01
1.315585624045705160e+01 1.145835756226923768e-01
1.340068896363950657e+01 1.091448061994442637e-01
1.365007806546013747e+01 1.039615162198181814e-01
1.390410834090069692e+01 9.902184977606556804e-02
1.416286616299197298e+01 9.431449339236173957e-02
1.442643951218158804e+01 8.982865051528088340e-02
1.469491800624817301e+01 8.555401839552344290e-02
1.496839293077255562e+01 8.148076706401885527e-02
1.524695727017573077e+01 7.759951802208596428e-02
1.553070573933458398e+01 7.390132381846478693e-02
1.581973481578601515e+01 7.037764853427416756e-02
1.611414277253019733e+01 6.702034913635256108e-02
1.641402971144466605e+01 6.382165766107618377e-02
1.671949759731988294e+01 6.077416419241729595e-02
1.703065029252842777e+01 5.787080059951119071e-02
1.734759359233932585e+01 5.510482500050450927e-02
1.767043526088946592e+01 5.246980689227586508e-02
1.799928506782476489e+01 4.995961260760627132e-02
1.833425482562288877e+01 4.756839195869234233e-02
1.867545842761074226e+01 4.529056562884700016e-02
1.902301188668945642e+01 4.312081280985650966e-02
1.937703337477988796e+01 4.105405938719703524e-02
1.973764326300255334e+01 3.908546665689487803e-02
2.010496416260497199e+01 3.721042055052771469e-02
2.047912096665083226e+01 3.542452134588534168e-02
2.086024089248504865e+01 3.372357384177584322e-02
2.124845352498882889e+01 3.210357797640529809e-02
2.164389086064020162e+01 3.056071986965019222e-02
2.204668735239407695e+01 2.909136323251269515e-02
2.245697995539771696e+01 2.769204090813119287e-02
2.287490817355704209e+01 2.635944730240845357e-02
2.330061410696924540e+01 2.509043114178875072e-02
2.373424250023866122e+01 2.388198835872486214e-02
2.417594079169128207e+01 2.273125529874515591e-02
2.462585916350544224e+01 2.163550223671285855e-02
2.508415059277541204e+01 2.059212718842233503e-02
2.555097090352506939e+01 1.959865000428166748e-02
2.602647881969004473e+01 1.865270673242121202e-02
2.651083601908536380e+01 1.775204423912167193e-02
2.700420718837769840e+01 1.689451507499232369e-02
2.750676007908067433e+01 1.607807253263059469e-02
2.801866556459195223e+01 1.530076576362677902e-02
2.854009769829237442e+01 1.456073553023077942e-02
2.907123377272575482e+01 1.385621005630373499e-02
2.961225437988037612e+01 1.318550095758050725e-02
3.016334347259197202e+01 1.254699935882530072e-02
3.072468842709003667e+01 1.193917218963770274e-02
3.129648010670750580e+01 1.136055865080012363e-02
3.187891292677642596e+01 1.080976684341263504e-02
3.247218492073132268e+01 1.028547055341605225e-02
3.307649780744242207e+01 9.786406184432733940e-03
3.369205705980267140e+01 9.311369832169057517e-03
3.431907197459042891e+01 8.859214460711322195e-03
3.495775574363271687e+01 8.428847143279254508e-03
3.560832552629281622e+01 8.019226651577450807e-03
3.627100252330648544e+01 7.629361073273036378e-03
3.694601205199302285e+01 7.258305498688348914e-03
3.763358362286532355e+01 6.905159814877747868e-03
3.833395101766597435e+01 6.569066602159947914e-03
3.904735236885564120e+01 6.249209128402005535e-03
3.977403024058036607e+01 5.944809436560452402e-03
4.051423171114647204e+01 5.655126521194990714e-03
4.126820845702951601e+01 5.379454589859011121e-03
4.203621683844709622e+01 5.117121405427672853e-03
4.281851798652415653e+01 4.867486656719652478e-03
4.361537789208005478e+01 4.629940369647815752e-03
4.442706749606882966e+01 4.403901612681038712e-03
4.525386278170167031e+01 4.188817153140805653e-03
4.609604486828428804e+01 3.984160147206212109e-03
4.695390010680063142e+01 3.789428891355564512e-03
4.782772017727485547e+01 3.604145632388799318e-03
4.871780218794631168e+01 3.427855433305625373e-03
4.962444877628913531e+01 3.260125092440312785e-03
5.054796821191235523e+01 3.100542113373510635e-03
5.148867450137497315e+01 2.948713723257011081e-03
5.244688749495119140e+01 2.804265937206100283e-03
5.342293299538351903e+01 2.666842652354830309e-03
5.441714286865887829e+01 2.536104786273834198e-03
5.542985515684663511e+01 2.411729498652263621e-03
5.646141419303672393e+01 2.293409423127479828e-03
5.751217071841613659e+01 2.180851931193684371e-03
5.858248200152535645e+01 2.073778430859067254e-03
5.967271195973310682e+01 1.971923698424366510e-03
6.078323128297223832e+01 1.875035241830811609e-03
6.191441755977847805e+01 1.782872694096907787e-03
6.306665540567405515e+01 1.695207235433604477e-03
6.424033659394190465e+01 1.611821042691818440e-03
6.543586018883229372e+01 1.532506763000280464e-03
6.665363268124906426e+01 1.457066914778245474e-03
6.789406812696113036e+01 1.385313386017027583e-03
6.915758828738525210e+01 1.317067142759713446e-03
7.044462277299037112e+01 1.252157805426463207e-03
7.175560918936920984e+01 1.190423231807811793e-03
7.309099328602903256e+01 1.131709120118042739e-03
7.445122910795143412e+01 1.075868631143741877e-03
7.583677914997190328e+01 1.022762028569259999e-03
7.724811451403400042e+01 9.722563366044872403e-04
7.868571506936844173e+01 9.242250140833417876e-04
8.015006961565397603e+01 8.785476442404655840e-04
8.164167604921472332e+01 8.351096439401000304e-04
8.316104153230961060e+01 7.938020963997739331e-04
8.470868266557401682e+01 7.545214660852573793e-04
8.628512566366886460e+01 7.171692031755771968e-04
8.789090653419962962e+01 6.816514995033088557e-04
8.952657125996400111e+01 6.478790631134925902e-04
9.119267598459298085e+01 6.157669033969279159e-04
9.288978720164497815e+01 5.852341263094933696e-04
9.461848194721991945e+01 5.562037392112519031e-04
9.637934799615796067e+01 5.286024648802075494e-04
9.817298406188841398e+01 5.023605642760354921e-04
1.000000000000000000e+02 4.774116676480838050e-04
